{
 "cells": [
  {
   "cell_type": "code",
   "execution_count": 2,
   "metadata": {},
   "outputs": [],
   "source": [
    "## Example code for implementing PCA \n",
    "## Classification with oversampling and undersampling \n",
    "import pandas as pd\n",
    "import numpy as np\n",
    "from sklearn.decomposition import PCA\n",
    "from sklearn.linear_model import LogisticRegression\n",
    "from sklearn.model_selection import train_test_split\n",
    "import matplotlib.pyplot as plt\n",
    "from random import sample"
   ]
  },
  {
   "cell_type": "code",
   "execution_count": 3,
   "metadata": {},
   "outputs": [],
   "source": [
    "t_data = pd.read_csv(\"Churn.csv\")"
   ]
  },
  {
   "cell_type": "code",
   "execution_count": 4,
   "metadata": {},
   "outputs": [
    {
     "data": {
      "text/html": [
       "<div>\n",
       "<style scoped>\n",
       "    .dataframe tbody tr th:only-of-type {\n",
       "        vertical-align: middle;\n",
       "    }\n",
       "\n",
       "    .dataframe tbody tr th {\n",
       "        vertical-align: top;\n",
       "    }\n",
       "\n",
       "    .dataframe thead th {\n",
       "        text-align: right;\n",
       "    }\n",
       "</style>\n",
       "<table border=\"1\" class=\"dataframe\">\n",
       "  <thead>\n",
       "    <tr style=\"text-align: right;\">\n",
       "      <th></th>\n",
       "      <th>Account Length</th>\n",
       "      <th>VMail Message</th>\n",
       "      <th>Day Mins</th>\n",
       "      <th>Eve Mins</th>\n",
       "      <th>Night Mins</th>\n",
       "      <th>Intl Mins</th>\n",
       "      <th>CustServ Calls</th>\n",
       "      <th>Churn</th>\n",
       "      <th>Intl Plan</th>\n",
       "      <th>VMail Plan</th>\n",
       "      <th>...</th>\n",
       "      <th>Day Charge</th>\n",
       "      <th>Eve Calls</th>\n",
       "      <th>Eve Charge</th>\n",
       "      <th>Night Calls</th>\n",
       "      <th>Night Charge</th>\n",
       "      <th>Intl Calls</th>\n",
       "      <th>Intl Charge</th>\n",
       "      <th>State</th>\n",
       "      <th>Area Code</th>\n",
       "      <th>Phone</th>\n",
       "    </tr>\n",
       "  </thead>\n",
       "  <tbody>\n",
       "    <tr>\n",
       "      <th>0</th>\n",
       "      <td>128</td>\n",
       "      <td>25</td>\n",
       "      <td>265.1</td>\n",
       "      <td>197.4</td>\n",
       "      <td>244.7</td>\n",
       "      <td>10.0</td>\n",
       "      <td>1</td>\n",
       "      <td>0</td>\n",
       "      <td>0</td>\n",
       "      <td>1</td>\n",
       "      <td>...</td>\n",
       "      <td>45.07</td>\n",
       "      <td>99</td>\n",
       "      <td>16.78</td>\n",
       "      <td>91</td>\n",
       "      <td>11.01</td>\n",
       "      <td>3</td>\n",
       "      <td>2.70</td>\n",
       "      <td>KS</td>\n",
       "      <td>415</td>\n",
       "      <td>382-4657</td>\n",
       "    </tr>\n",
       "    <tr>\n",
       "      <th>1</th>\n",
       "      <td>107</td>\n",
       "      <td>26</td>\n",
       "      <td>161.6</td>\n",
       "      <td>195.5</td>\n",
       "      <td>254.4</td>\n",
       "      <td>13.7</td>\n",
       "      <td>1</td>\n",
       "      <td>0</td>\n",
       "      <td>0</td>\n",
       "      <td>1</td>\n",
       "      <td>...</td>\n",
       "      <td>27.47</td>\n",
       "      <td>103</td>\n",
       "      <td>16.62</td>\n",
       "      <td>103</td>\n",
       "      <td>11.45</td>\n",
       "      <td>3</td>\n",
       "      <td>3.70</td>\n",
       "      <td>OH</td>\n",
       "      <td>415</td>\n",
       "      <td>371-7191</td>\n",
       "    </tr>\n",
       "    <tr>\n",
       "      <th>2</th>\n",
       "      <td>137</td>\n",
       "      <td>0</td>\n",
       "      <td>243.4</td>\n",
       "      <td>121.2</td>\n",
       "      <td>162.6</td>\n",
       "      <td>12.2</td>\n",
       "      <td>0</td>\n",
       "      <td>0</td>\n",
       "      <td>0</td>\n",
       "      <td>0</td>\n",
       "      <td>...</td>\n",
       "      <td>41.38</td>\n",
       "      <td>110</td>\n",
       "      <td>10.30</td>\n",
       "      <td>104</td>\n",
       "      <td>7.32</td>\n",
       "      <td>5</td>\n",
       "      <td>3.29</td>\n",
       "      <td>NJ</td>\n",
       "      <td>415</td>\n",
       "      <td>358-1921</td>\n",
       "    </tr>\n",
       "    <tr>\n",
       "      <th>3</th>\n",
       "      <td>84</td>\n",
       "      <td>0</td>\n",
       "      <td>299.4</td>\n",
       "      <td>61.9</td>\n",
       "      <td>196.9</td>\n",
       "      <td>6.6</td>\n",
       "      <td>2</td>\n",
       "      <td>0</td>\n",
       "      <td>1</td>\n",
       "      <td>0</td>\n",
       "      <td>...</td>\n",
       "      <td>50.90</td>\n",
       "      <td>88</td>\n",
       "      <td>5.26</td>\n",
       "      <td>89</td>\n",
       "      <td>8.86</td>\n",
       "      <td>7</td>\n",
       "      <td>1.78</td>\n",
       "      <td>OH</td>\n",
       "      <td>408</td>\n",
       "      <td>375-9999</td>\n",
       "    </tr>\n",
       "    <tr>\n",
       "      <th>4</th>\n",
       "      <td>75</td>\n",
       "      <td>0</td>\n",
       "      <td>166.7</td>\n",
       "      <td>148.3</td>\n",
       "      <td>186.9</td>\n",
       "      <td>10.1</td>\n",
       "      <td>3</td>\n",
       "      <td>0</td>\n",
       "      <td>1</td>\n",
       "      <td>0</td>\n",
       "      <td>...</td>\n",
       "      <td>28.34</td>\n",
       "      <td>122</td>\n",
       "      <td>12.61</td>\n",
       "      <td>121</td>\n",
       "      <td>8.41</td>\n",
       "      <td>3</td>\n",
       "      <td>2.73</td>\n",
       "      <td>OK</td>\n",
       "      <td>415</td>\n",
       "      <td>330-6626</td>\n",
       "    </tr>\n",
       "  </tbody>\n",
       "</table>\n",
       "<p>5 rows × 21 columns</p>\n",
       "</div>"
      ],
      "text/plain": [
       "   Account Length  VMail Message  Day Mins  Eve Mins  Night Mins  Intl Mins  \\\n",
       "0             128             25     265.1     197.4       244.7       10.0   \n",
       "1             107             26     161.6     195.5       254.4       13.7   \n",
       "2             137              0     243.4     121.2       162.6       12.2   \n",
       "3              84              0     299.4      61.9       196.9        6.6   \n",
       "4              75              0     166.7     148.3       186.9       10.1   \n",
       "\n",
       "   CustServ Calls  Churn  Intl Plan  VMail Plan  ...  Day Charge  Eve Calls  \\\n",
       "0               1      0          0           1  ...       45.07         99   \n",
       "1               1      0          0           1  ...       27.47        103   \n",
       "2               0      0          0           0  ...       41.38        110   \n",
       "3               2      0          1           0  ...       50.90         88   \n",
       "4               3      0          1           0  ...       28.34        122   \n",
       "\n",
       "   Eve Charge  Night Calls  Night Charge  Intl Calls  Intl Charge  State  \\\n",
       "0       16.78           91         11.01           3         2.70     KS   \n",
       "1       16.62          103         11.45           3         3.70     OH   \n",
       "2       10.30          104          7.32           5         3.29     NJ   \n",
       "3        5.26           89          8.86           7         1.78     OH   \n",
       "4       12.61          121          8.41           3         2.73     OK   \n",
       "\n",
       "  Area Code     Phone  \n",
       "0       415  382-4657  \n",
       "1       415  371-7191  \n",
       "2       415  358-1921  \n",
       "3       408  375-9999  \n",
       "4       415  330-6626  \n",
       "\n",
       "[5 rows x 21 columns]"
      ]
     },
     "execution_count": 4,
     "metadata": {},
     "output_type": "execute_result"
    }
   ],
   "source": [
    "t_data.head()"
   ]
  },
  {
   "cell_type": "markdown",
   "metadata": {},
   "source": [
    "### Drop the columns State, Areacode and Phone"
   ]
  },
  {
   "cell_type": "code",
   "execution_count": 5,
   "metadata": {},
   "outputs": [],
   "source": [
    "t_data.drop(['State','Area Code','Phone'],  axis = 1, inplace=True)"
   ]
  },
  {
   "cell_type": "code",
   "execution_count": 6,
   "metadata": {},
   "outputs": [
    {
     "data": {
      "text/html": [
       "<div>\n",
       "<style scoped>\n",
       "    .dataframe tbody tr th:only-of-type {\n",
       "        vertical-align: middle;\n",
       "    }\n",
       "\n",
       "    .dataframe tbody tr th {\n",
       "        vertical-align: top;\n",
       "    }\n",
       "\n",
       "    .dataframe thead th {\n",
       "        text-align: right;\n",
       "    }\n",
       "</style>\n",
       "<table border=\"1\" class=\"dataframe\">\n",
       "  <thead>\n",
       "    <tr style=\"text-align: right;\">\n",
       "      <th></th>\n",
       "      <th>Account Length</th>\n",
       "      <th>VMail Message</th>\n",
       "      <th>Day Mins</th>\n",
       "      <th>Eve Mins</th>\n",
       "      <th>Night Mins</th>\n",
       "      <th>Intl Mins</th>\n",
       "      <th>CustServ Calls</th>\n",
       "      <th>Churn</th>\n",
       "      <th>Intl Plan</th>\n",
       "      <th>VMail Plan</th>\n",
       "      <th>Day Calls</th>\n",
       "      <th>Day Charge</th>\n",
       "      <th>Eve Calls</th>\n",
       "      <th>Eve Charge</th>\n",
       "      <th>Night Calls</th>\n",
       "      <th>Night Charge</th>\n",
       "      <th>Intl Calls</th>\n",
       "      <th>Intl Charge</th>\n",
       "    </tr>\n",
       "  </thead>\n",
       "  <tbody>\n",
       "    <tr>\n",
       "      <th>Account Length</th>\n",
       "      <td>1.000000</td>\n",
       "      <td>-0.004628</td>\n",
       "      <td>0.006216</td>\n",
       "      <td>-0.006757</td>\n",
       "      <td>-0.008955</td>\n",
       "      <td>0.009514</td>\n",
       "      <td>-0.003796</td>\n",
       "      <td>0.016541</td>\n",
       "      <td>0.024735</td>\n",
       "      <td>0.002918</td>\n",
       "      <td>0.038470</td>\n",
       "      <td>0.006214</td>\n",
       "      <td>0.019260</td>\n",
       "      <td>-0.006745</td>\n",
       "      <td>-0.013176</td>\n",
       "      <td>-0.008960</td>\n",
       "      <td>0.020661</td>\n",
       "      <td>0.009546</td>\n",
       "    </tr>\n",
       "    <tr>\n",
       "      <th>VMail Message</th>\n",
       "      <td>-0.004628</td>\n",
       "      <td>1.000000</td>\n",
       "      <td>0.000778</td>\n",
       "      <td>0.017562</td>\n",
       "      <td>0.007681</td>\n",
       "      <td>0.002856</td>\n",
       "      <td>-0.013263</td>\n",
       "      <td>-0.089728</td>\n",
       "      <td>0.008745</td>\n",
       "      <td>0.956927</td>\n",
       "      <td>-0.009548</td>\n",
       "      <td>0.000776</td>\n",
       "      <td>-0.005864</td>\n",
       "      <td>0.017578</td>\n",
       "      <td>0.007123</td>\n",
       "      <td>0.007663</td>\n",
       "      <td>0.013957</td>\n",
       "      <td>0.002884</td>\n",
       "    </tr>\n",
       "    <tr>\n",
       "      <th>Day Mins</th>\n",
       "      <td>0.006216</td>\n",
       "      <td>0.000778</td>\n",
       "      <td>1.000000</td>\n",
       "      <td>0.007043</td>\n",
       "      <td>0.004323</td>\n",
       "      <td>-0.010155</td>\n",
       "      <td>-0.013423</td>\n",
       "      <td>0.205151</td>\n",
       "      <td>0.049396</td>\n",
       "      <td>-0.001684</td>\n",
       "      <td>0.006750</td>\n",
       "      <td>1.000000</td>\n",
       "      <td>0.015769</td>\n",
       "      <td>0.007029</td>\n",
       "      <td>0.022972</td>\n",
       "      <td>0.004300</td>\n",
       "      <td>0.008033</td>\n",
       "      <td>-0.010092</td>\n",
       "    </tr>\n",
       "    <tr>\n",
       "      <th>Eve Mins</th>\n",
       "      <td>-0.006757</td>\n",
       "      <td>0.017562</td>\n",
       "      <td>0.007043</td>\n",
       "      <td>1.000000</td>\n",
       "      <td>-0.012584</td>\n",
       "      <td>-0.011035</td>\n",
       "      <td>-0.012985</td>\n",
       "      <td>0.092796</td>\n",
       "      <td>0.019100</td>\n",
       "      <td>0.021545</td>\n",
       "      <td>-0.021451</td>\n",
       "      <td>0.007050</td>\n",
       "      <td>-0.011430</td>\n",
       "      <td>1.000000</td>\n",
       "      <td>0.007586</td>\n",
       "      <td>-0.012593</td>\n",
       "      <td>0.002541</td>\n",
       "      <td>-0.011067</td>\n",
       "    </tr>\n",
       "    <tr>\n",
       "      <th>Night Mins</th>\n",
       "      <td>-0.008955</td>\n",
       "      <td>0.007681</td>\n",
       "      <td>0.004323</td>\n",
       "      <td>-0.012584</td>\n",
       "      <td>1.000000</td>\n",
       "      <td>-0.015207</td>\n",
       "      <td>-0.009288</td>\n",
       "      <td>0.035493</td>\n",
       "      <td>-0.028905</td>\n",
       "      <td>0.006079</td>\n",
       "      <td>0.022938</td>\n",
       "      <td>0.004324</td>\n",
       "      <td>-0.002093</td>\n",
       "      <td>-0.012592</td>\n",
       "      <td>0.011204</td>\n",
       "      <td>0.999999</td>\n",
       "      <td>-0.012353</td>\n",
       "      <td>-0.015180</td>\n",
       "    </tr>\n",
       "    <tr>\n",
       "      <th>Intl Mins</th>\n",
       "      <td>0.009514</td>\n",
       "      <td>0.002856</td>\n",
       "      <td>-0.010155</td>\n",
       "      <td>-0.011035</td>\n",
       "      <td>-0.015207</td>\n",
       "      <td>1.000000</td>\n",
       "      <td>-0.009640</td>\n",
       "      <td>0.068239</td>\n",
       "      <td>0.045871</td>\n",
       "      <td>-0.001318</td>\n",
       "      <td>0.021565</td>\n",
       "      <td>-0.010157</td>\n",
       "      <td>0.008703</td>\n",
       "      <td>-0.011043</td>\n",
       "      <td>-0.013605</td>\n",
       "      <td>-0.015214</td>\n",
       "      <td>0.032304</td>\n",
       "      <td>0.999993</td>\n",
       "    </tr>\n",
       "    <tr>\n",
       "      <th>CustServ Calls</th>\n",
       "      <td>-0.003796</td>\n",
       "      <td>-0.013263</td>\n",
       "      <td>-0.013423</td>\n",
       "      <td>-0.012985</td>\n",
       "      <td>-0.009288</td>\n",
       "      <td>-0.009640</td>\n",
       "      <td>1.000000</td>\n",
       "      <td>0.208750</td>\n",
       "      <td>-0.024522</td>\n",
       "      <td>-0.017824</td>\n",
       "      <td>-0.018942</td>\n",
       "      <td>-0.013427</td>\n",
       "      <td>0.002423</td>\n",
       "      <td>-0.012987</td>\n",
       "      <td>-0.012802</td>\n",
       "      <td>-0.009277</td>\n",
       "      <td>-0.017561</td>\n",
       "      <td>-0.009675</td>\n",
       "    </tr>\n",
       "    <tr>\n",
       "      <th>Churn</th>\n",
       "      <td>0.016541</td>\n",
       "      <td>-0.089728</td>\n",
       "      <td>0.205151</td>\n",
       "      <td>0.092796</td>\n",
       "      <td>0.035493</td>\n",
       "      <td>0.068239</td>\n",
       "      <td>0.208750</td>\n",
       "      <td>1.000000</td>\n",
       "      <td>0.259852</td>\n",
       "      <td>-0.102148</td>\n",
       "      <td>0.018459</td>\n",
       "      <td>0.205151</td>\n",
       "      <td>0.009233</td>\n",
       "      <td>0.092786</td>\n",
       "      <td>0.006141</td>\n",
       "      <td>0.035496</td>\n",
       "      <td>-0.052844</td>\n",
       "      <td>0.068259</td>\n",
       "    </tr>\n",
       "    <tr>\n",
       "      <th>Intl Plan</th>\n",
       "      <td>0.024735</td>\n",
       "      <td>0.008745</td>\n",
       "      <td>0.049396</td>\n",
       "      <td>0.019100</td>\n",
       "      <td>-0.028905</td>\n",
       "      <td>0.045871</td>\n",
       "      <td>-0.024522</td>\n",
       "      <td>0.259852</td>\n",
       "      <td>1.000000</td>\n",
       "      <td>0.006006</td>\n",
       "      <td>0.003755</td>\n",
       "      <td>0.049398</td>\n",
       "      <td>0.006114</td>\n",
       "      <td>0.019106</td>\n",
       "      <td>0.012451</td>\n",
       "      <td>-0.028913</td>\n",
       "      <td>0.017366</td>\n",
       "      <td>0.045780</td>\n",
       "    </tr>\n",
       "    <tr>\n",
       "      <th>VMail Plan</th>\n",
       "      <td>0.002918</td>\n",
       "      <td>0.956927</td>\n",
       "      <td>-0.001684</td>\n",
       "      <td>0.021545</td>\n",
       "      <td>0.006079</td>\n",
       "      <td>-0.001318</td>\n",
       "      <td>-0.017824</td>\n",
       "      <td>-0.102148</td>\n",
       "      <td>0.006006</td>\n",
       "      <td>1.000000</td>\n",
       "      <td>-0.011086</td>\n",
       "      <td>-0.001686</td>\n",
       "      <td>-0.006444</td>\n",
       "      <td>0.021559</td>\n",
       "      <td>0.015553</td>\n",
       "      <td>0.006064</td>\n",
       "      <td>0.007618</td>\n",
       "      <td>-0.001276</td>\n",
       "    </tr>\n",
       "    <tr>\n",
       "      <th>Day Calls</th>\n",
       "      <td>0.038470</td>\n",
       "      <td>-0.009548</td>\n",
       "      <td>0.006750</td>\n",
       "      <td>-0.021451</td>\n",
       "      <td>0.022938</td>\n",
       "      <td>0.021565</td>\n",
       "      <td>-0.018942</td>\n",
       "      <td>0.018459</td>\n",
       "      <td>0.003755</td>\n",
       "      <td>-0.011086</td>\n",
       "      <td>1.000000</td>\n",
       "      <td>0.006753</td>\n",
       "      <td>0.006462</td>\n",
       "      <td>-0.021449</td>\n",
       "      <td>-0.019557</td>\n",
       "      <td>0.022927</td>\n",
       "      <td>0.004574</td>\n",
       "      <td>0.021666</td>\n",
       "    </tr>\n",
       "    <tr>\n",
       "      <th>Day Charge</th>\n",
       "      <td>0.006214</td>\n",
       "      <td>0.000776</td>\n",
       "      <td>1.000000</td>\n",
       "      <td>0.007050</td>\n",
       "      <td>0.004324</td>\n",
       "      <td>-0.010157</td>\n",
       "      <td>-0.013427</td>\n",
       "      <td>0.205151</td>\n",
       "      <td>0.049398</td>\n",
       "      <td>-0.001686</td>\n",
       "      <td>0.006753</td>\n",
       "      <td>1.000000</td>\n",
       "      <td>0.015769</td>\n",
       "      <td>0.007036</td>\n",
       "      <td>0.022972</td>\n",
       "      <td>0.004301</td>\n",
       "      <td>0.008032</td>\n",
       "      <td>-0.010094</td>\n",
       "    </tr>\n",
       "    <tr>\n",
       "      <th>Eve Calls</th>\n",
       "      <td>0.019260</td>\n",
       "      <td>-0.005864</td>\n",
       "      <td>0.015769</td>\n",
       "      <td>-0.011430</td>\n",
       "      <td>-0.002093</td>\n",
       "      <td>0.008703</td>\n",
       "      <td>0.002423</td>\n",
       "      <td>0.009233</td>\n",
       "      <td>0.006114</td>\n",
       "      <td>-0.006444</td>\n",
       "      <td>0.006462</td>\n",
       "      <td>0.015769</td>\n",
       "      <td>1.000000</td>\n",
       "      <td>-0.011423</td>\n",
       "      <td>0.007710</td>\n",
       "      <td>-0.002056</td>\n",
       "      <td>0.017434</td>\n",
       "      <td>0.008674</td>\n",
       "    </tr>\n",
       "    <tr>\n",
       "      <th>Eve Charge</th>\n",
       "      <td>-0.006745</td>\n",
       "      <td>0.017578</td>\n",
       "      <td>0.007029</td>\n",
       "      <td>1.000000</td>\n",
       "      <td>-0.012592</td>\n",
       "      <td>-0.011043</td>\n",
       "      <td>-0.012987</td>\n",
       "      <td>0.092786</td>\n",
       "      <td>0.019106</td>\n",
       "      <td>0.021559</td>\n",
       "      <td>-0.021449</td>\n",
       "      <td>0.007036</td>\n",
       "      <td>-0.011423</td>\n",
       "      <td>1.000000</td>\n",
       "      <td>0.007596</td>\n",
       "      <td>-0.012601</td>\n",
       "      <td>0.002541</td>\n",
       "      <td>-0.011074</td>\n",
       "    </tr>\n",
       "    <tr>\n",
       "      <th>Night Calls</th>\n",
       "      <td>-0.013176</td>\n",
       "      <td>0.007123</td>\n",
       "      <td>0.022972</td>\n",
       "      <td>0.007586</td>\n",
       "      <td>0.011204</td>\n",
       "      <td>-0.013605</td>\n",
       "      <td>-0.012802</td>\n",
       "      <td>0.006141</td>\n",
       "      <td>0.012451</td>\n",
       "      <td>0.015553</td>\n",
       "      <td>-0.019557</td>\n",
       "      <td>0.022972</td>\n",
       "      <td>0.007710</td>\n",
       "      <td>0.007596</td>\n",
       "      <td>1.000000</td>\n",
       "      <td>0.011188</td>\n",
       "      <td>0.000305</td>\n",
       "      <td>-0.013630</td>\n",
       "    </tr>\n",
       "    <tr>\n",
       "      <th>Night Charge</th>\n",
       "      <td>-0.008960</td>\n",
       "      <td>0.007663</td>\n",
       "      <td>0.004300</td>\n",
       "      <td>-0.012593</td>\n",
       "      <td>0.999999</td>\n",
       "      <td>-0.015214</td>\n",
       "      <td>-0.009277</td>\n",
       "      <td>0.035496</td>\n",
       "      <td>-0.028913</td>\n",
       "      <td>0.006064</td>\n",
       "      <td>0.022927</td>\n",
       "      <td>0.004301</td>\n",
       "      <td>-0.002056</td>\n",
       "      <td>-0.012601</td>\n",
       "      <td>0.011188</td>\n",
       "      <td>1.000000</td>\n",
       "      <td>-0.012329</td>\n",
       "      <td>-0.015186</td>\n",
       "    </tr>\n",
       "    <tr>\n",
       "      <th>Intl Calls</th>\n",
       "      <td>0.020661</td>\n",
       "      <td>0.013957</td>\n",
       "      <td>0.008033</td>\n",
       "      <td>0.002541</td>\n",
       "      <td>-0.012353</td>\n",
       "      <td>0.032304</td>\n",
       "      <td>-0.017561</td>\n",
       "      <td>-0.052844</td>\n",
       "      <td>0.017366</td>\n",
       "      <td>0.007618</td>\n",
       "      <td>0.004574</td>\n",
       "      <td>0.008032</td>\n",
       "      <td>0.017434</td>\n",
       "      <td>0.002541</td>\n",
       "      <td>0.000305</td>\n",
       "      <td>-0.012329</td>\n",
       "      <td>1.000000</td>\n",
       "      <td>0.032372</td>\n",
       "    </tr>\n",
       "    <tr>\n",
       "      <th>Intl Charge</th>\n",
       "      <td>0.009546</td>\n",
       "      <td>0.002884</td>\n",
       "      <td>-0.010092</td>\n",
       "      <td>-0.011067</td>\n",
       "      <td>-0.015180</td>\n",
       "      <td>0.999993</td>\n",
       "      <td>-0.009675</td>\n",
       "      <td>0.068259</td>\n",
       "      <td>0.045780</td>\n",
       "      <td>-0.001276</td>\n",
       "      <td>0.021666</td>\n",
       "      <td>-0.010094</td>\n",
       "      <td>0.008674</td>\n",
       "      <td>-0.011074</td>\n",
       "      <td>-0.013630</td>\n",
       "      <td>-0.015186</td>\n",
       "      <td>0.032372</td>\n",
       "      <td>1.000000</td>\n",
       "    </tr>\n",
       "  </tbody>\n",
       "</table>\n",
       "</div>"
      ],
      "text/plain": [
       "                Account Length  VMail Message  Day Mins  Eve Mins  Night Mins  \\\n",
       "Account Length        1.000000      -0.004628  0.006216 -0.006757   -0.008955   \n",
       "VMail Message        -0.004628       1.000000  0.000778  0.017562    0.007681   \n",
       "Day Mins              0.006216       0.000778  1.000000  0.007043    0.004323   \n",
       "Eve Mins             -0.006757       0.017562  0.007043  1.000000   -0.012584   \n",
       "Night Mins           -0.008955       0.007681  0.004323 -0.012584    1.000000   \n",
       "Intl Mins             0.009514       0.002856 -0.010155 -0.011035   -0.015207   \n",
       "CustServ Calls       -0.003796      -0.013263 -0.013423 -0.012985   -0.009288   \n",
       "Churn                 0.016541      -0.089728  0.205151  0.092796    0.035493   \n",
       "Intl Plan             0.024735       0.008745  0.049396  0.019100   -0.028905   \n",
       "VMail Plan            0.002918       0.956927 -0.001684  0.021545    0.006079   \n",
       "Day Calls             0.038470      -0.009548  0.006750 -0.021451    0.022938   \n",
       "Day Charge            0.006214       0.000776  1.000000  0.007050    0.004324   \n",
       "Eve Calls             0.019260      -0.005864  0.015769 -0.011430   -0.002093   \n",
       "Eve Charge           -0.006745       0.017578  0.007029  1.000000   -0.012592   \n",
       "Night Calls          -0.013176       0.007123  0.022972  0.007586    0.011204   \n",
       "Night Charge         -0.008960       0.007663  0.004300 -0.012593    0.999999   \n",
       "Intl Calls            0.020661       0.013957  0.008033  0.002541   -0.012353   \n",
       "Intl Charge           0.009546       0.002884 -0.010092 -0.011067   -0.015180   \n",
       "\n",
       "                Intl Mins  CustServ Calls     Churn  Intl Plan  VMail Plan  \\\n",
       "Account Length   0.009514       -0.003796  0.016541   0.024735    0.002918   \n",
       "VMail Message    0.002856       -0.013263 -0.089728   0.008745    0.956927   \n",
       "Day Mins        -0.010155       -0.013423  0.205151   0.049396   -0.001684   \n",
       "Eve Mins        -0.011035       -0.012985  0.092796   0.019100    0.021545   \n",
       "Night Mins      -0.015207       -0.009288  0.035493  -0.028905    0.006079   \n",
       "Intl Mins        1.000000       -0.009640  0.068239   0.045871   -0.001318   \n",
       "CustServ Calls  -0.009640        1.000000  0.208750  -0.024522   -0.017824   \n",
       "Churn            0.068239        0.208750  1.000000   0.259852   -0.102148   \n",
       "Intl Plan        0.045871       -0.024522  0.259852   1.000000    0.006006   \n",
       "VMail Plan      -0.001318       -0.017824 -0.102148   0.006006    1.000000   \n",
       "Day Calls        0.021565       -0.018942  0.018459   0.003755   -0.011086   \n",
       "Day Charge      -0.010157       -0.013427  0.205151   0.049398   -0.001686   \n",
       "Eve Calls        0.008703        0.002423  0.009233   0.006114   -0.006444   \n",
       "Eve Charge      -0.011043       -0.012987  0.092786   0.019106    0.021559   \n",
       "Night Calls     -0.013605       -0.012802  0.006141   0.012451    0.015553   \n",
       "Night Charge    -0.015214       -0.009277  0.035496  -0.028913    0.006064   \n",
       "Intl Calls       0.032304       -0.017561 -0.052844   0.017366    0.007618   \n",
       "Intl Charge      0.999993       -0.009675  0.068259   0.045780   -0.001276   \n",
       "\n",
       "                Day Calls  Day Charge  Eve Calls  Eve Charge  Night Calls  \\\n",
       "Account Length   0.038470    0.006214   0.019260   -0.006745    -0.013176   \n",
       "VMail Message   -0.009548    0.000776  -0.005864    0.017578     0.007123   \n",
       "Day Mins         0.006750    1.000000   0.015769    0.007029     0.022972   \n",
       "Eve Mins        -0.021451    0.007050  -0.011430    1.000000     0.007586   \n",
       "Night Mins       0.022938    0.004324  -0.002093   -0.012592     0.011204   \n",
       "Intl Mins        0.021565   -0.010157   0.008703   -0.011043    -0.013605   \n",
       "CustServ Calls  -0.018942   -0.013427   0.002423   -0.012987    -0.012802   \n",
       "Churn            0.018459    0.205151   0.009233    0.092786     0.006141   \n",
       "Intl Plan        0.003755    0.049398   0.006114    0.019106     0.012451   \n",
       "VMail Plan      -0.011086   -0.001686  -0.006444    0.021559     0.015553   \n",
       "Day Calls        1.000000    0.006753   0.006462   -0.021449    -0.019557   \n",
       "Day Charge       0.006753    1.000000   0.015769    0.007036     0.022972   \n",
       "Eve Calls        0.006462    0.015769   1.000000   -0.011423     0.007710   \n",
       "Eve Charge      -0.021449    0.007036  -0.011423    1.000000     0.007596   \n",
       "Night Calls     -0.019557    0.022972   0.007710    0.007596     1.000000   \n",
       "Night Charge     0.022927    0.004301  -0.002056   -0.012601     0.011188   \n",
       "Intl Calls       0.004574    0.008032   0.017434    0.002541     0.000305   \n",
       "Intl Charge      0.021666   -0.010094   0.008674   -0.011074    -0.013630   \n",
       "\n",
       "                Night Charge  Intl Calls  Intl Charge  \n",
       "Account Length     -0.008960    0.020661     0.009546  \n",
       "VMail Message       0.007663    0.013957     0.002884  \n",
       "Day Mins            0.004300    0.008033    -0.010092  \n",
       "Eve Mins           -0.012593    0.002541    -0.011067  \n",
       "Night Mins          0.999999   -0.012353    -0.015180  \n",
       "Intl Mins          -0.015214    0.032304     0.999993  \n",
       "CustServ Calls     -0.009277   -0.017561    -0.009675  \n",
       "Churn               0.035496   -0.052844     0.068259  \n",
       "Intl Plan          -0.028913    0.017366     0.045780  \n",
       "VMail Plan          0.006064    0.007618    -0.001276  \n",
       "Day Calls           0.022927    0.004574     0.021666  \n",
       "Day Charge          0.004301    0.008032    -0.010094  \n",
       "Eve Calls          -0.002056    0.017434     0.008674  \n",
       "Eve Charge         -0.012601    0.002541    -0.011074  \n",
       "Night Calls         0.011188    0.000305    -0.013630  \n",
       "Night Charge        1.000000   -0.012329    -0.015186  \n",
       "Intl Calls         -0.012329    1.000000     0.032372  \n",
       "Intl Charge        -0.015186    0.032372     1.000000  "
      ]
     },
     "execution_count": 6,
     "metadata": {},
     "output_type": "execute_result"
    }
   ],
   "source": [
    "t_data.corr()"
   ]
  },
  {
   "cell_type": "code",
   "execution_count": 7,
   "metadata": {},
   "outputs": [
    {
     "data": {
      "text/plain": [
       "Index(['Account Length', 'VMail Message', 'Day Mins', 'Eve Mins', 'Night Mins',\n",
       "       'Intl Mins', 'CustServ Calls', 'Churn', 'Intl Plan', 'VMail Plan',\n",
       "       'Day Calls', 'Day Charge', 'Eve Calls', 'Eve Charge', 'Night Calls',\n",
       "       'Night Charge', 'Intl Calls', 'Intl Charge'],\n",
       "      dtype='object')"
      ]
     },
     "execution_count": 7,
     "metadata": {},
     "output_type": "execute_result"
    }
   ],
   "source": [
    "t_data.columns"
   ]
  },
  {
   "cell_type": "code",
   "execution_count": 8,
   "metadata": {},
   "outputs": [
    {
     "data": {
      "text/plain": [
       "0    2850\n",
       "1     483\n",
       "Name: Churn, dtype: int64"
      ]
     },
     "execution_count": 8,
     "metadata": {},
     "output_type": "execute_result"
    }
   ],
   "source": [
    "t_data.Churn.value_counts()"
   ]
  },
  {
   "cell_type": "code",
   "execution_count": 9,
   "metadata": {},
   "outputs": [],
   "source": [
    "## oversampling and undersmapling to balance the classes\n",
    "## Sepearate YMajority and Minority class and select a sample of majority to balance the classes\n",
    "\n",
    "t_0 = t_data[t_data[\"Churn\"] == 0]\n",
    "t_1 = t_data[t_data[\"Churn\"] == 1]"
   ]
  },
  {
   "cell_type": "code",
   "execution_count": 10,
   "metadata": {},
   "outputs": [],
   "source": [
    "t_0_sample= t_0.sample(frac = 0.4, random_state=123)"
   ]
  },
  {
   "cell_type": "code",
   "execution_count": 11,
   "metadata": {},
   "outputs": [
    {
     "data": {
      "text/plain": [
       "pandas.core.frame.DataFrame"
      ]
     },
     "execution_count": 11,
     "metadata": {},
     "output_type": "execute_result"
    }
   ],
   "source": [
    "type(t_0_sample)"
   ]
  },
  {
   "cell_type": "code",
   "execution_count": 12,
   "metadata": {},
   "outputs": [
    {
     "data": {
      "text/plain": [
       "(1140, 18)"
      ]
     },
     "execution_count": 12,
     "metadata": {},
     "output_type": "execute_result"
    }
   ],
   "source": [
    "t_0_sample.shape"
   ]
  },
  {
   "cell_type": "code",
   "execution_count": 13,
   "metadata": {},
   "outputs": [
    {
     "data": {
      "text/plain": [
       "(483, 18)"
      ]
     },
     "execution_count": 13,
     "metadata": {},
     "output_type": "execute_result"
    }
   ],
   "source": [
    "t_1.shape"
   ]
  },
  {
   "cell_type": "code",
   "execution_count": 14,
   "metadata": {},
   "outputs": [],
   "source": [
    "t_data = pd.concat([t_1, t_0_sample],  ignore_index=True)"
   ]
  },
  {
   "cell_type": "code",
   "execution_count": 15,
   "metadata": {},
   "outputs": [
    {
     "data": {
      "text/plain": [
       "(1623, 18)"
      ]
     },
     "execution_count": 15,
     "metadata": {},
     "output_type": "execute_result"
    }
   ],
   "source": [
    "## Blanced dataset\n",
    "t_data.shape"
   ]
  },
  {
   "cell_type": "code",
   "execution_count": 16,
   "metadata": {},
   "outputs": [
    {
     "data": {
      "text/plain": [
       "0    1140\n",
       "1     483\n",
       "Name: Churn, dtype: int64"
      ]
     },
     "execution_count": 16,
     "metadata": {},
     "output_type": "execute_result"
    }
   ],
   "source": [
    "### Nearly 70% vs 30% balance \n",
    "t_data.Churn.value_counts()"
   ]
  },
  {
   "cell_type": "code",
   "execution_count": 17,
   "metadata": {},
   "outputs": [
    {
     "data": {
      "text/plain": [
       "0.2975970425138632"
      ]
     },
     "execution_count": 17,
     "metadata": {},
     "output_type": "execute_result"
    }
   ],
   "source": [
    "483/(483+1140)"
   ]
  },
  {
   "cell_type": "code",
   "execution_count": 18,
   "metadata": {},
   "outputs": [],
   "source": [
    "## Seperate target and input variables\n",
    "x = t_data[['Account Length', 'VMail Message', 'Day Mins', 'Eve Mins', 'Night Mins',\n",
    "       'Intl Mins', 'CustServ Calls', 'Intl Plan', 'VMail Plan',\n",
    "       'Day Calls', 'Day Charge', 'Eve Calls', 'Eve Charge', 'Night Calls',\n",
    "       'Night Charge', 'Intl Calls', 'Intl Charge']]\n",
    "y = t_data[ 'Churn']"
   ]
  },
  {
   "cell_type": "code",
   "execution_count": 19,
   "metadata": {},
   "outputs": [
    {
     "data": {
      "text/plain": [
       "0    1140\n",
       "1     483\n",
       "Name: Churn, dtype: int64"
      ]
     },
     "execution_count": 19,
     "metadata": {},
     "output_type": "execute_result"
    }
   ],
   "source": [
    "y.value_counts()"
   ]
  },
  {
   "cell_type": "code",
   "execution_count": 20,
   "metadata": {},
   "outputs": [],
   "source": [
    "## create train and test splits\n",
    "x_train,x_test,y_train,y_test = train_test_split(x,y, test_size = 0.2, random_state = 123)"
   ]
  },
  {
   "cell_type": "code",
   "execution_count": 21,
   "metadata": {},
   "outputs": [
    {
     "name": "stderr",
     "output_type": "stream",
     "text": [
      "C:\\Users\\apiuser\\anaconda3\\lib\\site-packages\\sklearn\\linear_model\\_logistic.py:764: ConvergenceWarning: lbfgs failed to converge (status=1):\n",
      "STOP: TOTAL NO. of ITERATIONS REACHED LIMIT.\n",
      "\n",
      "Increase the number of iterations (max_iter) or scale the data as shown in:\n",
      "    https://scikit-learn.org/stable/modules/preprocessing.html\n",
      "Please also refer to the documentation for alternative solver options:\n",
      "    https://scikit-learn.org/stable/modules/linear_model.html#logistic-regression\n",
      "  extra_warning_msg=_LOGISTIC_SOLVER_CONVERGENCE_MSG)\n"
     ]
    },
    {
     "data": {
      "text/plain": [
       "LogisticRegression()"
      ]
     },
     "execution_count": 21,
     "metadata": {},
     "output_type": "execute_result"
    }
   ],
   "source": [
    "## Fit the logistic regression using all the variables\n",
    "## caution : Multicolleniarity exist \n",
    "## Not a stable model. \n",
    "lg = LogisticRegression()\n",
    "lg.fit(x_train, y_train)"
   ]
  },
  {
   "cell_type": "code",
   "execution_count": 22,
   "metadata": {},
   "outputs": [],
   "source": [
    "pred = lg.predict(x_test)"
   ]
  },
  {
   "cell_type": "code",
   "execution_count": 23,
   "metadata": {},
   "outputs": [
    {
     "data": {
      "text/plain": [
       "array([0, 0, 0, 0, 0, 0, 0, 0, 0, 0, 0, 0, 0, 0, 1, 0, 1, 0, 0, 0, 0, 0,\n",
       "       0, 1, 1, 0, 0, 0, 0, 0, 0, 0, 0, 0, 0, 0, 1, 0, 0, 0, 0, 0, 0, 0,\n",
       "       0, 1, 0, 0, 0, 0, 0, 0, 0, 0, 0, 1, 1, 0, 0, 0, 1, 1, 0, 0, 0, 0,\n",
       "       0, 0, 0, 0, 0, 0, 0, 0, 0, 0, 0, 0, 0, 0, 0, 0, 0, 0, 1, 0, 0, 0,\n",
       "       0, 0, 0, 0, 1, 0, 1, 0, 0, 0, 1, 0, 0, 0, 0, 0, 1, 0, 0, 0, 0, 0,\n",
       "       0, 1, 0, 0, 0, 1, 0, 0, 0, 0, 1, 1, 0, 0, 0, 0, 0, 0, 0, 1, 0, 0,\n",
       "       1, 0, 0, 0, 0, 0, 0, 0, 0, 0, 1, 0, 0, 0, 1, 0, 0, 0, 0, 0, 1, 0,\n",
       "       1, 0, 0, 0, 1, 0, 0, 1, 0, 0, 0, 0, 1, 0, 0, 0, 0, 1, 0, 0, 0, 0,\n",
       "       1, 0, 1, 1, 0, 0, 0, 0, 1, 0, 0, 1, 0, 0, 1, 0, 0, 0, 0, 0, 0, 0,\n",
       "       0, 0, 0, 0, 0, 0, 0, 0, 0, 0, 0, 1, 0, 0, 0, 0, 0, 0, 0, 0, 0, 0,\n",
       "       0, 0, 0, 0, 0, 1, 0, 1, 0, 0, 0, 1, 1, 0, 1, 0, 0, 0, 0, 1, 1, 0,\n",
       "       0, 0, 0, 0, 0, 0, 0, 0, 0, 0, 0, 1, 1, 0, 0, 0, 0, 1, 0, 0, 0, 0,\n",
       "       0, 0, 0, 0, 0, 0, 0, 0, 0, 0, 1, 0, 0, 0, 0, 0, 0, 0, 1, 0, 0, 1,\n",
       "       0, 0, 0, 0, 0, 0, 0, 0, 1, 1, 0, 1, 0, 0, 0, 0, 0, 0, 0, 1, 0, 0,\n",
       "       0, 0, 0, 0, 0, 0, 0, 0, 0, 1, 0, 0, 0, 0, 0, 0, 0], dtype=int64)"
      ]
     },
     "execution_count": 23,
     "metadata": {},
     "output_type": "execute_result"
    }
   ],
   "source": [
    "pred"
   ]
  },
  {
   "cell_type": "code",
   "execution_count": 24,
   "metadata": {},
   "outputs": [
    {
     "name": "stdout",
     "output_type": "stream",
     "text": [
      "[[208  26]\n",
      " [ 63  28]]\n",
      "0.7261538461538461\n"
     ]
    }
   ],
   "source": [
    "from sklearn.metrics import confusion_matrix, accuracy_score\n",
    "print(confusion_matrix(y_test, pred))\n",
    "print(accuracy_score(y_test, pred))"
   ]
  },
  {
   "cell_type": "markdown",
   "metadata": {},
   "source": [
    "### A lot of input variables (17) some of them even exhibit multicollinearity \n",
    "### Use PCA for dimensionality reduction and train model using reduced features aka Principal components"
   ]
  },
  {
   "cell_type": "code",
   "execution_count": 25,
   "metadata": {},
   "outputs": [],
   "source": [
    "## Scaling is must before computing principal components \n",
    "## Using standarad(zscore) scaler to transform the data\n",
    "from sklearn.preprocessing import StandardScaler\n",
    "sc = StandardScaler()\n",
    "x_std = sc.fit_transform(x)"
   ]
  },
  {
   "cell_type": "code",
   "execution_count": 26,
   "metadata": {},
   "outputs": [
    {
     "data": {
      "text/plain": [
       "array([[-0.92999561, -0.54559764, -0.9604423 , ...,  0.121848  ,\n",
       "         0.67382084,  0.83846131],\n",
       "       [ 1.46918242, -0.54559764,  2.55054991, ..., -0.8512754 ,\n",
       "         1.91468078, -1.74319789],\n",
       "       [-0.63009836, -0.54559764, -2.10952562, ...,  0.13530132,\n",
       "         0.67382084, -1.63835894],\n",
       "       ...,\n",
       "       [-1.82968737, -0.54559764, -0.4729002 , ...,  1.5927442 ,\n",
       "        -0.98065908, -0.36718664],\n",
       "       [ 0.49451634, -0.54559764, -0.6761863 , ...,  0.51199425,\n",
       "         0.26020086,  0.65499314],\n",
       "       [-0.23023535, -0.54559764,  0.946657  , ..., -0.68983557,\n",
       "         2.32830076,  0.19632273]])"
      ]
     },
     "execution_count": 26,
     "metadata": {},
     "output_type": "execute_result"
    }
   ],
   "source": [
    "x_std"
   ]
  },
  {
   "cell_type": "code",
   "execution_count": 27,
   "metadata": {},
   "outputs": [],
   "source": [
    "## converting it to a dataframe to verify the data\n",
